2.700993422207113e-05
3.580054587578693e-05
4.45882371574303e-06
2.029027226486868e-05
6.228452423680309e-05
3.186024919334152e-05
8.676528101253877e-06
5.693613590590508e-07
0.00010516445374768939
1.7331526871386233e-06
9.823222010587117e-06
1.1531730605901582e-05
6.089717242791149e-06
1.027573307547513e-05
4.315745118975101e-06
9.408962179374362e-06
1.524645883942984e-05
3.246355991324445e-05
1.423724517730304e-05
2.323092792008374e-05
6.207126623101763e-07
0.0002463814372246285
8.843144532298138e-05
7.798726001570402e-06
4.241275735063911e-06
5.3522832174024345e-05
1.4838616470538641e-05
1.2195488521328712e-06
1.0815469834071152e-06
8.356291637094399e-07
1.2536837695424702e-06
3.627061316160933e-06
4.979561585193485e-06
2.888133390455046e-05
9.220554684363062e-07
0.00017127226324026594
2.784382895595804e-06
4.00399131548048e-05
1.659381341328757e-06
4.209721381528113e-06
7.922565629331723e-06
1.2091577525391068e-05
1.577522634261909e-05
7.151028734311359e-05
3.979691085963427e-06
4.0123204199588305e-05
6.75108442544658e-06
2.2154978937189454e-05
9.754845286785865e-07
1.089173075235847e-05
2.240478205717185e-06
6.277208501781352e-06
5.3687780381033234e-05
1.770489195601736e-05
2.7565679544815293e-06
7.4550966420711e-05
1.9870845052702594e-07
1.6202710652345993e-05
1.4965923531819483e-05
3.1783917486778693e-05
3.708431569979334e-05
4.203776984041906e-06
1.4915472005467064e-05
2.0156074294148058e-05
5.566115756166417e-06
2.5130769477562162e-06
5.305254065068898e-05
0.00012568074702806034
1.8934575469769695e-05
1.0187565130393402e-05
0.0005311253739280345
2.7080261891357495e-06
1.2896798906267352e-05
3.926445725421484e-06
1.8179669882384447e-06
1.3592645659974207e-05
2.4425495892789763e-06
1.238006493974219e-05
1.764047460877914e-05
9.079723282697924e-06
4.640389645271937e-07
6.154355248121299e-05
3.911311490612917e-05
2.4924811454748775e-06
1.5392468285777313e-05
4.323826046526034e-06
1.2278047061619194e-05
0.00013578022867808418
1.954101677458484e-06
7.584142279140419e-06
9.460622421826252e-06
2.6708644001558114e-06
7.853857379569267e-06
4.537657479331679e-06
7.357787570663826e-05
1.8295852286510074e-05
5.4821893266245866e-05
2.0874755711110636e-05
2.46797566462146e-06
1.214311775098683e-05
8.071932539509208e-06
0.00024138529028894628
5.525324740288307e-07
7.468957838191384e-05
2.039937645250907e-05
8.082652961052281e-05
0.0005268101071455301
0.00013496196860406144
1.7864236537461297e-05
7.390922651789575e-06
4.1737067631054305e-05
6.290564376468969e-06
0.0004527265249760993
1.8586234707226052e-06
1.1711538235315111e-05
3.898783351396784e-05
3.465989661444013e-05
9.376726202695479e-07
3.729911716475249e-05
4.978199466030165e-06
9.060172112245843e-06
2.0168724310574138e-06
2.9299991843586085e-05
5.376800910968251e-06
8.644714942253513e-05
7.520892180605335e-06
1.0924107017327862e-05
8.137472374727063e-07
6.378305320924008e-06
8.974934377054156e-06
1.6471852801618816e-06
2.5030725136351633e-06
5.648256895127974e-06
4.159519330700611e-06
0.00010267921606854962
4.68054737300725e-05
1.9768220797412988e-05
7.1685174603271685e-06
0.00017415498016782065
2.0046388767722578e-05
0.00011678989943245398
9.420954061524009e-06
6.5425815727461135e-06
1.1448229063132351e-05
1.6787117162251374e-06
4.790713135032072e-06
2.209465092223429e-05
9.667447808320816e-06
7.468932408763102e-05
0.00022929692958743864
1.5819664097879156e-06
1.120261891802606e-05
0.0005820920797382689
2.372970748999346e-06
7.871506361882186e-06
3.058360086710261e-07
8.486557000027671e-05
5.941097980440012e-06
1.9510337077072774e-05
0.0026424073563649027
8.83619873253398e-06
2.1639825679869963e-05
0.00013740874442172914
2.4141333057894443e-06
0.0007210412330408675
3.246358297645894e-05
2.3977129221197786e-05
7.114087132960069e-05
5.609639452055064e-06
3.550384408577672e-06
7.8145833324387e-07
5.298962165553032e-07
3.970995380708923e-06
9.85277255449224e-06
1.4771426611134446e-05
4.039107439149783e-05
5.189464349748641e-06
9.184243995168415e-06
2.7953446725465777e-05
2.271175863985601e-05
2.6184930398177584e-05
5.473348181755088e-06
2.9895250359045586e-05
6.998421994134062e-06
1.0690362998347826e-05
2.4157635582023656e-05
0.0016786327893805358
3.4968448383959014e-06
6.058100601211653e-06
3.8804171310416526e-05
3.123936130707765e-06
3.064332951197945e-06
9.295310184720057e-06
3.5789968272137975e-06
3.36092166272727e-06
6.345868277156243e-05
2.8855727874805537e-05
4.9271688381458386e-05
1.6207481417032455e-05
9.69189142217432e-07
1.1664711201923402e-05
7.499715112246047e-06
8.361857178063712e-05
9.389802684616268e-06
5.844397398866044e-06
4.542235099347498e-06
9.53719353956884e-07
1.1930284424134243e-05
1.986790209890412e-05
6.1241055116879844e-06
7.758634643870217e-05
5.246776135006639e-06
7.818854912846265e-06
3.1967723151215455e-06
1.8990230568280752e-05
2.2691203692531884e-06
5.724028455229119e-07
2.5462997116328925e-05
3.548669904005228e-06
1.8544036999888946e-05
2.3452085294563582e-05
9.275365519123522e-06
6.02408843772053e-06
5.455593205412044e-05
2.7691309024977143e-05
9.681703482563136e-06
9.581623727962807e-05
8.903917503967681e-06
3.3443267120060167e-06
1.07894150480148e-05
1.123736856563088e-06
1.0645942378478623e-05
3.284488796344365e-06
9.997382565912622e-05
7.10251652791182e-06
7.493928980127288e-06
5.1632768878746e-06
2.33919394359832e-05
1.2402121547215922e-05
2.5069161075593883e-05
2.499994885828644e-05
3.935954015956004e-05
3.9411104819847456e-05
1.304996609744694e-06
1.062157968291392e-05
1.183518645261136e-06
6.390740081927356e-06
1.1574938106970795e-05
2.088135802836819e-06
1.3316610912499988e-05
2.320265460553113e-06
4.10026842750809e-06
6.566055465774073e-06
6.000798818405664e-06
6.060010249850045e-06
0.0003197199595529041
4.172070966806684e-05
7.009060610790213e-06
4.133456854472482e-06
1.4804814012030745e-05
2.4928209583513145e-05
6.9395856734533545e-06
3.3520004853457608e-06
2.2126343517663975e-06
3.107363918413603e-05
0.00014897590815594013
2.2241996048595433e-06
2.152772120311122e-06
1.2764570503497598e-05
4.898424297190034e-05
1.2250935591585965e-05
1.0312518058633436e-06
1.9153926228653658e-05
5.900645265609733e-06
8.110061739637696e-06
1.2788678839143804e-05
4.734476347201002e-06
3.1676648864978915e-06
8.814099314656212e-05
3.5439466216764526e-05
7.050593362505451e-05
1.4796326406354824e-05
1.599094576456364e-05
1.682658829153355e-05
7.827206805410217e-06
7.197499969032641e-05
0.00010530888179147198
5.059277608479612e-06
1.5629883455493076e-05
4.883412667128416e-06
5.68256932496251e-06
4.069609561081145e-06
8.448915374643054e-06
5.818367549804799e-07
3.7692504682825513e-07
7.354426013316258e-06
1.3142668840704484e-05
0.00011781123341696326
7.950026016110856e-06
7.158127701268913e-06
2.786349450788754e-06
2.554418878328364e-06
1.2861489219759848e-06
3.3895852486157335e-05
8.858624774694994e-06
1.1110772242457098e-05
5.1655117650285934e-06
0.00011718999413968682
9.268280940659553e-05
4.188119639332837e-07
0.0006568282736626154
2.3005989211106058e-05
1.0869474301794933e-05
1.0570090414191535e-05
7.495094814582279e-05
4.289444801218103e-05
4.133623501358579e-07
2.5852020703089385e-05
3.1682106050089865e-05
7.934703129891405e-07
5.210095724938081e-05
4.682186960923924e-06
5.841368015083157e-05
2.2012466900141866e-05
2.0998522810189397e-06
1.2107246304559398e-05
1.576397937694349e-05
0.001155244064265069
9.83543560253542e-05
8.605477050471015e-06
2.5250005819548618e-06
6.136447714374647e-07
1.6466558893922388e-05
0.00011629912404651929
2.4593749333346823e-06
3.791890772041032e-06
1.9742334111836137e-06
7.540537229730274e-06
7.781164509555162e-07
4.25334562627189e-06
2.0266348850244907e-06
1.0764819741198292e-05
1.941649149521182e-05
4.711282790554271e-05
3.389500071391571e-06
2.482141392680292e-05
1.0706502477058418e-05
4.593086968883462e-07
7.933337593213902e-06
0.000159006503867952
5.853186511571997e-06
6.939207700582537e-07
1.504411370368459e-05
1.7445074598356406e-05
9.975987069129186e-06
1.711545659901408e-06
7.641816704792584e-06
2.2843314298080252e-06
3.3722317456643716e-05
1.1431182464222393e-05
1.7657205569963715e-05
5.2186344686751695e-06
7.945369577383691e-05
1.39842269120183e-06
1.0871530436817431e-07
2.4085305160942024e-06
1.1917757898728078e-05
1.898498465666869e-06
2.9835975333256923e-05
4.3028502207732366e-05
2.737766580825894e-05
4.9043513271460125e-06
1.6928676637045155e-05
7.465972339362524e-06
9.172964239568766e-06
1.4347300141743761e-05
8.02638115050541e-05
8.487904011867875e-06
3.5842684323325036e-06
7.2461236082761065e-06
6.5167847421847226e-06
5.250557282812105e-07
1.2192247338030054e-06
5.2267154516294654e-06
3.3406847112001037e-06
1.00803588403389e-06
3.123363851228537e-05
2.273383878096363e-05
8.319497348768938e-05
8.827904972948811e-06
7.725512180168203e-06
0.0001107927995571129
1.3185640256881942e-05
1.3426176052196355e-06
3.3497526250307445e-05
6.968694567206108e-06
2.0710187806388337e-05
2.3478085871242675e-06
6.183084063629238e-05
4.5400073461409055e-06
3.5467114144806035e-06
2.2813734962065942e-05
1.0278306007030659e-05
2.6787613966042803e-06
1.2668025489181017e-05
0.0001596958809510655
0.00023713936818278578
4.909269683422093e-05
3.974801819676932e-05
3.8497919385838254e-05
2.7553311869919064e-06
3.763003381254857e-07
4.356516595113087e-06
4.978094531671464e-05
5.184337790988942e-05
1.2709541828372057e-05
2.2177332995171745e-05
1.3424351106854738e-05
4.361659722566154e-06
2.3961669992017595e-05
0.0008534900544470983
2.36519086921169e-05
6.54618179149247e-05
2.448374446489872e-06
1.438732244818685e-05
1.013278643478142e-05
0.0017754181208390254
1.0363112895631881e-05
4.4785218531237405e-06
1.2088290540256218e-05
6.20246852212001e-05
1.0380631407965682e-06
4.177403621789642e-05
3.986541548814142e-06
9.175713433186227e-06
3.6266618497942005e-05
4.152332464187006e-06
0.00017089562054629776
0.0003139767817751328
4.910226952790438e-06
7.942014739771052e-06
1.208955588167666e-05
2.2417728056536322e-06
3.030818525364747e-05
1.0426192195960053e-06
7.641398281532924e-06
4.3008914452459775e-06
7.615973089888662e-06
9.82847476899579e-06
5.276462980317551e-06
2.2333397501828377e-05
3.462076824676717e-06
1.9900979047142337e-06
1.1259161774152175e-05
7.897651566321043e-06
0.00016199890663139526
1.6887914698571026e-05
1.2192459643303904e-05
4.8469065217089175e-05
2.501112506777973e-05
1.995918295587034e-05
3.5439491840036886e-06
1.1146610472394901e-05
9.311288112862882e-07
6.8870743221950856e-06
4.184142485800083e-05
7.382231807973793e-07
1.9386230765639963e-06
4.374636084337616e-06
1.2691593569964857e-05
8.019421110882865e-07
2.57429557107552e-05
5.558189260767002e-06
1.1533202934405138e-05
5.637463371243849e-06
1.829326767739448e-05
3.426305035105659e-06
1.086653418485887e-05
1.5853049816464577e-06
0.0001057507371996207
3.814896254831134e-06
3.3701602695115265e-05
8.721475511599332e-05
3.8439477217338524e-05
1.2664151525007423e-05
3.7413967912968105e-07
1.3075953180370955e-05
2.990785065408548e-05
3.766773886662253e-05
2.9383277962470318e-05
1.837527126788946e-07
5.099778646848127e-07
6.569198887656063e-06
0.00012436852816712513
2.1797925230251195e-07
1.8817444405944386e-06
4.258122043757027e-05
1.6701765095353872e-06
5.5330955964495705e-06
1.3914769060811095e-05
2.4804142647019863e-06
0.0008426975480397615
8.199484182365455e-06
4.007643312870343e-06
5.377346829795787e-06
3.2308926681362243e-05
1.4746808956957103e-05
8.755179648585713e-06
9.322523975307363e-07
4.275326628504164e-07
1.889543671582162e-05
2.3788778638244528e-05
7.408400892976493e-06
9.054781145061504e-06
1.5433872329717632e-05
1.5954365952713115e-06
1.7279816709785025e-05
0.0017090358750231922
4.558824437950972e-06
1.1391715589358661e-05
2.6493664872779057e-06
7.95759161317878e-06
9.245785166588427e-06
8.135327095475205e-05
3.3206171512253815e-05
8.80834247988016e-06
9.53573499345953e-06
8.414653452050216e-06
3.4319533099161227e-06
1.2575728923604592e-05
8.834010447252309e-05
2.2324678662199092e-05
3.4891291756879075e-05
1.4460194820657583e-06
1.8643993210869595e-05
1.5266756123398684e-05
9.203980153752323e-05
3.143903145046956e-05
8.606170310264481e-07
1.1599192773614546e-05
7.179298666428586e-06
5.697927574229744e-06
1.6428781659734463e-05
3.947883433195224e-06
2.687674338385139e-06
1.3693953106974608e-05
0.00020165486220557097
1.2395340619022314e-05
3.714140698619535e-06
3.6574226862317824e-06
0.00038029107098592915
1.3812982320987523e-06
6.320531421917587e-05
1.9598086926043123e-06
4.493268672517581e-05
8.020241480322818e-06
0.00011410010244145023
2.608945831389623e-06
2.5858769190166573e-05
1.6683792944759316e-06
4.423496638022247e-05
2.274200821425316e-05
5.723843083242846e-05
4.0231767301820424e-05
3.891772524590651e-06
1.4236840926638986e-06
9.270277349706663e-05
9.153921394497714e-05
3.942096983047962e-05
1.0328491765893689e-06
1.9367571415219113e-06
6.438755081937342e-06
6.413658021924783e-06
0.00012186663951613811
4.5128410431954505e-06
2.0673099155413572e-05
1.4571405251166212e-05
5.190410195358479e-05
5.015218015928963e-05
2.6211087259231363e-06
5.116050636737641e-05
1.3074731157108459e-05
4.944860234171633e-06
0.00010601775797805722
3.985342202781034e-05
7.699784669918929e-06
2.1811170093285958e-05
5.792455343762319e-06
4.3641614994017e-06
0.00012151584355425335
9.732404489188275e-05
1.5776864916004475e-05
7.114791355109613e-05
2.815199783170365e-05
7.316007924879692e-06
9.698728270353822e-06
3.670963679643601e-06
1.0187988279573502e-05
8.961359599910644e-05
2.3089793467110594e-05
3.6844065711196595e-06
2.6906211666877904e-06
1.655987444955733e-05
2.6768317099275882e-05
3.5351852725473175e-06
1.110566607050121e-06
3.811995799566008e-06
2.868960091469111e-05
9.110009656646838e-06
1.4159257440568508e-06
2.0994362486787188e-05
9.018553575951665e-06
8.891673801299193e-06
9.699846125837835e-07
3.897695919224697e-06
0.00019587280060935457
9.99367016360413e-06
2.2084728704125457e-05
8.662547196209786e-06
5.781469939185731e-06
6.806570823029626e-06
0.0011134364086210862
1.1151098844357781e-06
2.48481766689564e-06
1.8507806294585244e-05
1.8329818600341623e-05
2.4245402910094546e-06
0.00010335803080114688
6.0171433408454766e-06
6.505370366167467e-06
1.777092142824515e-05
1.7674769881777016e-05
5.514210726501225e-06
6.634287580943429e-06
2.7605209429899084e-06
2.911905576436145e-06
8.207779857630506e-06
2.1229453264612038e-05
0.0001542167791242438
4.526665967616394e-06
4.754100998025506e-06
0.003718129897776238
1.872337097055102e-05
1.6558606784111587e-05
8.506762394011557e-07
8.606192825122142e-06
6.802120127481101e-06
6.914331555222713e-06
5.291392868236767e-05
5.339024428938796e-06
2.1462599376883704e-07
5.035135235554289e-05
3.4192097747434217e-06
2.9574529521553885e-05
1.9231624740059967e-06
7.750494120579468e-06
1.5922344574676314e-06
2.351531263784544e-05
3.08501571274005e-05
5.809104535301492e-06
5.626452853019668e-05
5.756406457749841e-06
3.48833332526324e-05
6.154043799253428e-06
1.2602121081322917e-05
3.201255625512372e-06
4.822614667354251e-06
1.9560772988860303e-07
1.2642870389482839e-05
7.853349419628058e-05
1.8571327188635646e-06
1.4811781150970835e-05
1.6186835353199757e-05
0.00017124851257669405
5.953029651415363e-06
7.230000879431251e-06
0.00018424810806657148
2.9950578031803757e-05
6.7374079509227165e-06
9.07891888765665e-06
1.821641872085671e-06
1.3591739900158153e-05
7.833505761343761e-06
3.789752270084299e-05
7.675378560676818e-06
2.3011907996899352e-05
4.199047178725705e-06
3.433481815794628e-06
2.165313578171171e-05
1.316967738735433e-06
3.227839871027325e-06
4.728358472545111e-06
3.9441922460250615e-06
3.72746287164484e-06
6.606292479814773e-06
2.7544419188633786e-06
2.5399626946232473e-05
3.0125511635146464e-05
3.796786764600084e-05
1.1494029081355383e-06
5.121488364744224e-05
5.191976344132786e-07
0.00029793423932567584
3.6145954808036854e-06
7.86686525789675e-06
9.847199169709197e-06
7.346070771582959e-06
9.276791853456881e-07
3.264955525453558e-05
7.889327294324157e-05
9.273030674682701e-06
1.1760886504365527e-06
5.927976108932691e-06
7.053952061821545e-06
7.46602530455908e-05
6.597757499334399e-06
1.737197850177506e-06
9.700827696930306e-06
2.6273925877706953e-06
1.7464740128053426e-05
3.263441972216419e-05
2.1576166722589678e-05
3.4415965149002428e-06
9.026531219907492e-05
1.894027787214101e-06
7.043377110168838e-05
0.0001235373813513283
6.3277395389568885e-06
2.8329702771169833e-05
2.5612598365904683e-06
0.00018897993956518722
1.4569364142830421e-06
4.2491879816112895e-06
7.273561595694754e-06
2.6975469421019286e-05
6.883829889920745e-05
0.0001324771577749468
7.949364083595434e-06
5.5236286601666564e-05
2.690106733826484e-05
3.3497115287966745e-06
3.6722802802505617e-06
6.067951598127226e-05
2.1525181240974548e-05
9.647783707472901e-07
5.909798762946895e-06
1.5362557150890957e-05
8.71287142409984e-06
5.227472032843824e-06
9.266874570075005e-06
0.000294825983737592
4.654206117517049e-05
3.073799445987526e-05
4.5476932954195935e-06
2.0608801043790594e-06
8.92671545147114e-06
2.1937015488147004e-06
0.00013524848916357624
3.299537064663556e-06
7.497689864913177e-07
7.350194464144952e-05
3.1776971452458713e-05
2.0808132269034363e-05
2.6269153660398996e-05
4.355479691959068e-06
1.0254896075319416e-05
0.00014354705173774871
3.700675125817833e-05
3.5588552752945112e-06
2.183854633370165e-06
2.109387231809684e-06
1.2760350807770095e-06
2.3477499791105876e-07
9.750312861051988e-06
1.0558315403883923e-05
8.000137742213592e-07
0.00010605650323768548
6.177170994485762e-06
1.2567315922242751e-05
9.435844515605957e-06
3.1747754061685604e-06
8.663962403933929e-07
0.0001612334275808583
2.2112317383329563e-05
1.586076116416437e-06
1.4058417572051428e-05
6.942499170323074e-07
0.0033071242137403803
3.9015387720075366e-07
1.5507652220914794e-05
2.9533014659929212e-05
1.2218230877230278e-06
9.658025824826743e-06
4.171572736144702e-06
1.7638890684913945e-05
7.2562198254710565e-06
9.18237488111908e-05
4.913754569900715e-05
2.998657326757043e-05
7.77674159386196e-07
9.262746521433453e-07
9.056373274647756e-06
1.650724775125997e-05
7.252080956350659e-07
1.565079936923377e-05
1.1723843542711136e-06
9.41631149359868e-06
8.149152781859677e-05
5.445157996754192e-05
3.5320035539620332e-06
8.696071174977515e-06
0.000123449993624948
1.9590924599804303e-05
2.5425706830987608e-05
1.8183738343041802e-05
1.0107291019426156e-05
4.386597632115863e-06
6.512815426366864e-06
2.8611994183894882e-06
9.417499284599157e-06
3.1400986855362684e-06
3.091076323788727e-06
2.2769170083222e-05
2.8600454709740495e-06
4.2576658097695556e-06
3.418999208190533e-06
5.283535467272281e-05
1.1223845218043701e-05
3.4128087571609946e-05
5.248439133633463e-05
7.1764792636886866e-06
2.8118204162638845e-06
7.605694706902075e-06
6.001232051852005e-06
3.4267575289740862e-06
3.430323032371277e-06
1.0205754055875891e-07
2.658172083868345e-06
2.415838352324386e-05
2.2444241433108675e-06
7.827324432742252e-07
1.1944778505510148e-05
2.4376773894532905e-05
1.7375685439291537e-05
6.547646739148522e-06
2.5868950191327174e-05
2.915629923666485e-06
1.8761372650156317e-06
6.340516655972803e-06
3.475640201057604e-05
4.490419523879484e-06
3.428891244142577e-06
3.1098076866752013e-06
6.936378992978358e-06
3.2675939914300037e-06
0.0005532576504680292
5.23884481944024e-06
4.100126221268178e-05
5.657697273299529e-05
3.6619262157585353e-06
6.723048786392564e-05
9.44121355799738e-07
3.1323341861067996e-06
1.7825585379570212e-05
1.924523368915313e-05
2.959139681793913e-06
6.0823358542820035e-06
3.3266155881810125e-06
7.931181027359434e-05
7.421404571669172e-06
1.1686867260910474e-05
5.704381705831745e-06
0.00016419923953742366
3.2256023140645654e-05
5.222305377641359e-06
1.536210643172133e-06
3.54730522703644e-06
1.1995182350100107e-05
1.531565900847376e-05
1.0808683336067422e-05
1.7754475154571803e-05
3.460263723589757e-05
1.640772260434386e-05
1.2414932612513029e-05
1.0486254069120604e-06
5.25227043619579e-06
4.402781570262873e-06
1.5765326829711812e-05
2.7075062457695893e-05
3.1862858999638694e-05
4.271228242879925e-06
1.3533192564682018e-05
9.55936737636285e-05
1.6879398133291749e-06
2.0770506888915098e-05
2.610751737704152e-05
1.0622101018753249e-05
0.00014240882994129745
5.357812387040256e-05
1.0955950141612695e-05
3.1065506967996625e-06
6.3523665174218105e-06
0.0001941133338718138
0.0055939201837414965
1.5252806614175749e-05
9.309372660924379e-05
2.0135030302706832e-05
2.5902698158082924e-05
1.2342988683838686e-05
3.100931410204061e-05
1.8244892849284224e-06
1.0183070507431642e-05
1.6592405694662055e-05
4.130069462560117e-06
1.1760792881711141e-05
5.549175806408117e-06
1.273369185683576e-05
1.2889961504938807e-05
2.1312716016811965e-05
4.1447035110250536e-06
4.975766572970192e-06
2.2177740897774753e-05
1.028514512845343e-05
2.4612400593502005e-05
2.1529405859484024e-06
9.267689952150659e-06
0.0001324187275754157
1.540746238620616e-05
9.02343774820908e-05
5.014805695468793e-06
6.521102239379832e-05
1.284622589958649e-05
2.945278801490432e-05
1.0831046313087029e-05
5.3201541437914935e-06
0.0001772740644310639
3.644388931596808e-05
6.114201862475494e-06
1.0333260525875754e-05
2.8140307259348326e-06
1.0079195504000289e-05
0.0006347515189322301
2.655001312224794e-06
2.736549949405174e-05
2.021279214989242e-06
6.748846519796039e-06
0.00023831671004987773
4.9232907087249605e-05
1.6342451712034264e-06
1.1348384556054202e-05
2.837475512678681e-05
2.3662158001179406e-05
1.2410420499058264e-05
1.4235926702784856e-05
5.108839068660138e-07
2.282090900751576e-06
2.544384174836314e-06
1.813632046733462e-07
4.140109582666692e-06
5.525703901512332e-06
2.1805104769979027e-05
1.3251003171177408e-06
4.425613708610618e-06
1.8785494693138816e-05
1.6999242656022342e-05
1.6045029616630762e-05
0.0001085479630863254
8.125966254807149e-05
3.429812665613769e-05
1.7111406721056837e-05
3.580646611950059e-06
3.850201313237087e-06
5.479917181649966e-05
2.9082099273827433e-06
3.0846968000284085e-05
9.198892154679798e-05
1.696368115939773e-06
4.4509052915435885e-05
9.447723435735069e-06
0.0008121690566573504
0.0001227447007814448
1.2232096305987663e-06
2.4952721795869267e-05
8.933300812213765e-06
4.149730111856733e-06
3.455807006402416e-06
4.64957116615209e-07
9.909597799037619e-06
4.223526499782293e-06
5.291704824533067e-05
1.2851877761119678e-05
7.703742848533756e-07
1.1872096949876394e-06
1.3577092000583601e-05
5.4577351677751654e-05
1.880165343935066e-06
5.670603813012943e-06
5.139056295141465e-06
2.572030139505953e-05
5.2955447009408e-06
